#Start	#Stop	#Chr	#class	#validSites	#Discarded	#Segregating	#Dpolarized	#Dout1	#Dout2	#d	#b	#f	#gamma	#alpha	#DoS	#omega	#Pi_weakdel	#countComplex	#SFS	#SFSunf	#SFSunfClasses
1	50	2L	total	34	16	18	3	2	3	null	null	null	null	null	null	null	null	NA	[16, 0, 0, 3, 0, 2, 0, 1, 2, 0, 1, 3, 0, 1, 3, 1, 1]	[16, 0, 3, 0, 2, 0, 0, 0, 0, 0, 3, 0, 1, 3, 3, 0, 0, 0, 0, 0, 0, 0, 0, 0, 2, 1, 0, 0, 0, 0, 0, 0]	[3, 3, 6, 6, 0]
1	50	2L	4	14	2	8	0	0	2	null	null	null	null	null	null	null	null	NA	[6, 0, 0, 3, 0, 0, 0, 0, 0, 0, 0, 0, 0, 1, 3, 0, 1]	[6, 0, 3, 0, 0, 0, 0, 0, 0, 0, 0, 0, 1, 3, 3, 0, 0, 0, 0, 0, 0, 0, 0, 0, 0, 0, 0, 0, 0, 0, 0, 0]	[0, 1, 1, 6, 0]
1	50	2L	0	15	1	7	3	2	0	0.18333334	1.1958332	-0.37916657	-Infinity	1.0	1.610738	Infinity	1.4642856	NA	[8, 0, 0, 0, 0, 2, 0, 0, 1, 0, 1, 2, 0, 0, 0, 1, 0]	[8, 0, 0, 0, 2, 0, 0, 0, 0, 0, 2, 0, 0, 0, 0, 0, 0, 0, 0, 0, 0, 0, 0, 0, 1, 0, 0, 0, 0, 0, 0, 0]	[1, 2, 4, 0, 0]
1	50	2L	U	1	0	1	0	0	0	-0.7499999	3.5	-1.75	NaN	NaN	NaN	NaN	2.0	NA	[0, 0, 0, 0, 0, 0, 0, 1, 0, 0, 0, 0, 0, 0, 0, 0, 0]	[0, 0, 0, 0, 0, 0, 0, 0, 0, 0, 0, 0, 0, 0, 0, 0, 0, 0, 0, 0, 0, 0, 0, 0, 0, 1, 0, 0, 0, 0, 0, 0]	[1, 0, 0, 0, 0]
1	50	2L	i	0	0	0	0	0	0	NaN	NaN	NaN	NaN	NaN	NaN	NaN	0.0	NA	[0, 0, 0, 0, 0, 0, 0, 0, 0, 0, 0, 0, 0, 0, 0, 0, 0]	[0, 0, 0, 0, 0, 0, 0, 0, 0, 0, 0, 0, 0, 0, 0, 0, 0, 0, 0, 0, 0, 0, 0, 0, 0, 0, 0, 0, 0, 0, 0, 0]	[0, 0, 0, 0, 0]
1	50	2L	I	0	0	0	0	0	0	NaN	NaN	NaN	NaN	NaN	NaN	NaN	0.0	NA	[0, 0, 0, 0, 0, 0, 0, 0, 0, 0, 0, 0, 0, 0, 0, 0, 0]	[0, 0, 0, 0, 0, 0, 0, 0, 0, 0, 0, 0, 0, 0, 0, 0, 0, 0, 0, 0, 0, 0, 0, 0, 0, 0, 0, 0, 0, 0, 0, 0]	[0, 0, 0, 0, 0]
1	50	2L	N	1	12	0	0	0	1	1.0	0.0	0.0	NaN	NaN	NaN	NaN	0.0	NA	[1, 0, 0, 0, 0, 0, 0, 0, 0, 0, 0, 0, 0, 0, 0, 0, 0]	[1, 0, 0, 0, 0, 0, 0, 0, 0, 0, 0, 0, 0, 0, 0, 0, 0, 0, 0, 0, 0, 0, 0, 0, 0, 0, 0, 0, 0, 0, 0, 0]	[0, 0, 0, 0, 0]
1	50	2L	2	0	0	0	0	0	0	NaN	NaN	NaN	NaN	NaN	NaN	NaN	0.0	2	[0, 0, 0, 0, 0, 0, 0, 0, 0, 0, 0, 0, 0, 0, 0, 0, 0]	[0, 0, 0, 0, 0, 0, 0, 0, 0, 0, 0, 0, 0, 0, 0, 0, 0, 0, 0, 0, 0, 0, 0, 0, 0, 0, 0, 0, 0, 0, 0, 0]	[0, 0, 0, 0, 0]

#Start	#Stop	#Chr	#class	#validSites	#Discarded	#Segregating	#Dpolarized	#Dout1	#Dout2	#d	#b	#f	#gamma	#alpha	#DoS	#omega	#Pi_weakdel	#countComplex	#SFS	#SFSunf	#SFSunfClasses
51	51	2L	total	1	0	1	0	0	0	null	null	null	null	null	null	null	null	NA	[0, 0, 0, 1, 0, 0, 0, 0, 0, 0, 0, 0, 0, 0, 0, 0, 0]	[0, 0, 0, 0, 0, 0, 0, 0, 0, 0, 0, 0, 0, 0, 0, 0, 0, 0, 0, 0, 0, 0, 0, 0, 0, 0, 0, 0, 0, 1, 0, 0]	[1, 0, 0, 0, 0]
51	51	2L	4	1	0	1	0	0	0	null	null	null	null	null	null	null	null	NA	[0, 0, 0, 1, 0, 0, 0, 0, 0, 0, 0, 0, 0, 0, 0, 0, 0]	[0, 0, 0, 0, 0, 0, 0, 0, 0, 0, 0, 0, 0, 0, 0, 0, 0, 0, 0, 0, 0, 0, 0, 0, 0, 0, 0, 0, 0, 1, 0, 0]	[1, 0, 0, 0, 0]
51	51	2L	0	0	0	0	0	0	0	NaN	NaN	NaN	NaN	NaN	NaN	NaN	0.0	NA	[0, 0, 0, 0, 0, 0, 0, 0, 0, 0, 0, 0, 0, 0, 0, 0, 0]	[0, 0, 0, 0, 0, 0, 0, 0, 0, 0, 0, 0, 0, 0, 0, 0, 0, 0, 0, 0, 0, 0, 0, 0, 0, 0, 0, 0, 0, 0, 0, 0]	[0, 0, 0, 0, 0]
51	51	2L	U	0	0	0	0	0	0	NaN	NaN	NaN	NaN	NaN	NaN	NaN	0.0	NA	[0, 0, 0, 0, 0, 0, 0, 0, 0, 0, 0, 0, 0, 0, 0, 0, 0]	[0, 0, 0, 0, 0, 0, 0, 0, 0, 0, 0, 0, 0, 0, 0, 0, 0, 0, 0, 0, 0, 0, 0, 0, 0, 0, 0, 0, 0, 0, 0, 0]	[0, 0, 0, 0, 0]
51	51	2L	i	0	0	0	0	0	0	NaN	NaN	NaN	NaN	NaN	NaN	NaN	0.0	NA	[0, 0, 0, 0, 0, 0, 0, 0, 0, 0, 0, 0, 0, 0, 0, 0, 0]	[0, 0, 0, 0, 0, 0, 0, 0, 0, 0, 0, 0, 0, 0, 0, 0, 0, 0, 0, 0, 0, 0, 0, 0, 0, 0, 0, 0, 0, 0, 0, 0]	[0, 0, 0, 0, 0]
51	51	2L	I	0	0	0	0	0	0	NaN	NaN	NaN	NaN	NaN	NaN	NaN	0.0	NA	[0, 0, 0, 0, 0, 0, 0, 0, 0, 0, 0, 0, 0, 0, 0, 0, 0]	[0, 0, 0, 0, 0, 0, 0, 0, 0, 0, 0, 0, 0, 0, 0, 0, 0, 0, 0, 0, 0, 0, 0, 0, 0, 0, 0, 0, 0, 0, 0, 0]	[0, 0, 0, 0, 0]
51	51	2L	N	0	0	0	0	0	0	NaN	NaN	NaN	NaN	NaN	NaN	NaN	0.0	NA	[0, 0, 0, 0, 0, 0, 0, 0, 0, 0, 0, 0, 0, 0, 0, 0, 0]	[0, 0, 0, 0, 0, 0, 0, 0, 0, 0, 0, 0, 0, 0, 0, 0, 0, 0, 0, 0, 0, 0, 0, 0, 0, 0, 0, 0, 0, 0, 0, 0]	[0, 0, 0, 0, 0]
51	51	2L	2	0	0	0	0	0	0	NaN	NaN	NaN	NaN	NaN	NaN	NaN	0.0	0	[0, 0, 0, 0, 0, 0, 0, 0, 0, 0, 0, 0, 0, 0, 0, 0, 0]	[0, 0, 0, 0, 0, 0, 0, 0, 0, 0, 0, 0, 0, 0, 0, 0, 0, 0, 0, 0, 0, 0, 0, 0, 0, 0, 0, 0, 0, 0, 0, 0]	[0, 0, 0, 0, 0]

